  К содержанию																		
 Характеристика страховщиков1)																		
																		
	2007	2008	2009	2010	2011	2012	2013	20142)	2015	2016	2017	2018	2019	2020	2021	20225)	20235)	20245)
Количество учтенных страховщиков3), единиц	849	777	693	600	514	436	409	395	360	297	246	231	198	177	170	162	156	155
"   в том числе: 
страховых организаций"	-	-	-	-	-	431	402	384	350	285	236	217	188	167	158	144	136	137
     из них осуществляющих:																		
    страхование и перестрахование	553	509	442	387	329	306	292	243	233	177	154	140	131	68	60	57	53	54
   только перестрахование	33	27	25	22	17	11	5	12	6	6	4	4	3	4	3	3	3	4
   обязательное медицинское страхование	-	-	-	-	-	71	63	59	59	56	44	42	35	31	29	26	25	25
обществ взаимного страхования, единиц	…	…	…	…	…	5	7	11	10	12	10	14	10	10	12	18	20	18
Число филиалов страховщиков3), единиц	5 341	5 443	5 213	4 567	4 332	5 081	5 180	4 803	4 863	3 973	3 886	3 479	3 829	2 946	2 736	2 494	2 463	2 407
Уставный капитал страховых организаций3), млн руб.	156 556,0	158 722,0	150 687,1	155 175,3	177 860,3	198 644,1	224 105,9	217 041,8	204 294,1	228 343,1	212 614,8	210 994,4	534 658,0	227 349,8	243 022,9	231 069,8	245 993,8	246 319,9
Среднесписочная численность работников страховщика, человек	37 056	20 346	28 736	29 355	35 099	12 946	131 330	125 422	160 818	115 122	105 471	106 036	114 755	99 198	96 642	90 109	91 555	96 597
Средняя численность страховых агентов – физических лиц в страховых организациях, человек	190 843	194 162	196 469	177 306	163 687	272 362	180 996	168 705	223 164	151 459	140 036	118 871	153 418	156 100	157 287	165 266	163 939	166 844
Число членов общества взаимного страхования, единиц	-	-	-	-	-	22	211	357	955	1 019	961	1 139	2 344	2 406	3 912	3 016	2 623	4 702
   из них физических лиц, человек	-	-	-	-	-	7	51	87	85	59	118	185	1 535	1 942	3 321	2 142	1 590	1 733
Количество договоров страхования, заключенных страховщиками 4), млн.	147,2	157,8	120,0	128,1	133,2	140,7	139,1	157,9	144,7	171,8	194,1	205,6	208,0	178,7	232,0	266,6	297,9	292,7
Страховые премии (взносы), собранные страховщиками – всего4), млн руб.	775 083,0	954 754,2	979 099,3	1 036 677,0	1 269 762,8	811 105,2	901 077,9	983 400,6	1 033 532,0	1 190 596,9	1 284 990,8	1 488 087,8	1 486 289,4	1 548 818,6	1 819 700,0	1 827 886,7	2 289 604,3	3 754 893,7
   из них по договорам с нерезидентами	8 398,7	6 985,4	6 070,8	5 206,1	4 743,2	5 041,2	5 772,8	6 834,4	8 825,4	13 415,5	12 124,8	14 438,3	54 525,8	25 793,4	23 268,6	28 647,1	48 129,7	48 510,5
Выплаты по договорам страхования, осуществленные страховщиками – всего4), млн руб.	486 597,2	633 233,6	739 908,1	774 830,6	902 205,7	376 601,8	419 850,7	473 469,1	513 954,7	514 070,3	513 205,4	523 992,9	615 869,6	664 717,4	804 933,9	896 450,1	1 037 972,6	2 146 493,9
   из них по договорам с нерезидентами	2 471,6	2 810,7	3 156,4	2 754,8	1 819,6	2 439,6	3 365,4	3 160,4	3 698,7	7 059,3	5 018,0	4 797,9	19 163,9	7 576,8	8 375,2	11 359,7	10 119,9	11 772,7
Поступило средств в страховые медицинские организации, млн руб.	-	-	-	-	-	840 235,9	1 199 749,9	1 360 134,4	1 537 111,7	1 543 826,5	1 575 033,6	1 929 685,1	2 123 586,8	2 247 156,1	2 740 348,0	2 707 480,1	2 912 332,7	3 297 854,6
Использовано средств страховыми медицинскими организациями, млн руб.	-	-	-	-	-	804 749,8	1 137 611,7	1 305 540,0	1 459 754,6	1 490 684,8	1 520 006,3	1 865 536,5	2 062 781,2	2 116 039,0	2 677 614,6	2 621 129,1	2 827 343,2	3 200 131,3
																		
1) С учетом микропредприятий.																		
2) Без учета данных по Крымскому федеральному округу.																		
3) На конец периода.																		
4) C 2012 года – без учета обязательного медицинского страхования.																		
5) Без учета данных по Донецкой Народной Республике (ДНР), Луганской Народной Республике (ЛНР), Запорожской и Херсонской областям.																		